1841585795
389040743
733053144
1433102829
1887658390
1402961682
672655340
1900553541
400000569
337453826
1081174232
1780172261
1450956042
1941690360
410409117
847228023
1516266761
1866000081
1175526309
1586903190
2002495425
500618996
1989806367
1184214677
2004504234
1061730690
1186631626
2016764524
1717226057
1748349614
1276673168
1411328205
2137390358
2009726312
696947386
1877565100
1265204346
1369602726
1630634994
1665204916
1707056552
564325578
1297893529
1010528946
358532290
1708302647
1857756970
1874799051
1426819080
885799631
1314218593
1281830857
1386418627
1156541312
318561886
1243439214
70788355
1505193512
1112720090
1788014412
1106059479
241909610
1051858969
1095966189
104152274
1748806355
826047641
1369356620
970925433
309198987
887077888
530498338
873524566
37487770
1541027284
1232056856
1745790417
1251300606
959372260
1025125849
2137100237
126107205
159473059
1376035217
1282648518
478034945
471990783
1353436873
1983228458
1584710873
993967637
941804289
1826620483
