378469911
272020127
488663950
2033505236
29777560
345367818
257675105
991810563
1392740049
1965421244
216588711
1319041805
151519934
845563291
1066077375
937558955
629593614
524133589
1959343768
1215828993
409544918
74552805
927376882
1747844822
1617876982
765326717
2143124030
76593093
1124311574
431530126
1421186593
1502781486
703550253
1909850543
1388803074
733327814
107734713
1646478179
1725138377
1500474762
1464415775
1941727088
672032919
1615935710
639806732
1738110294
406011017
1269400346
114760235
217871137
337745691
524305153
292423943
1265122573
124666328
1910300925
2030449291
120306710
1986894018
1007277217
551836836
1260596963
362575055
1255387090
1022963858
1751378130
1988714904
1130698571
1250372661
1566369633
483689685
567304789
1360613073
1155722604
35756851
2000419805
746349250
441767868
1122336503
861109485
659639006
1460082195
1385414639
952062949
577721120
1510080967
714880226
460686763
1630387677
554290596
1467963981
34740865
1814887560
1830539036
1290127955
690367770
1434433518
1131359211
1821066342
537322532
