157272379
1104627321
1910858270
1312994984
1140384172
1763794427
2059344234
1582152040
738647283
772970072
94307398
51245830
10901063
1046370347
628966950
1520982030
1761250573
1089653714
1003886059
168057522
410134047
1038626924
1982945082
93189435
181271232
525829204
1527622954
1312630443
199411898
2064945486
1862875640
356684278
1022089159
1626250262
1669679262
14989683
1242561041
1581539848
1597141723
1981208324
207026272
1691449122
2032454154
217927335
590335821
513937457
1738909365
204102747
1603591171
595311776
372160269
2013725218
1633938701
207621703
2106914653
1815209933
733450907
1487053959
980356728
932862806
1404515797
695748720
1289547084
279121308
174515334
811742698
294110991
1417076376
245798898
1891252715
1250801052
452825171
1435218189
1135771559
670752506
2025554010
1649709016
262178224
82173109
1105816539
857490000
454333378
972058109
343945053
661955081
931489114
11671338
1395405989
271059426
992028067
180785147
1675575223
1687776787
1470332231
1954696532
1862292122
134591281
