1131884850
380390179
1992576590
235202254
833215350
1280311131
1370973813
1503967857
1158381494
873199181
1766146081
1240554603
1979015720
476152433
1694887982
803590181
820097487
209359415
1735079296
831768825
1604765404
2006138722
1823796892
1785550551
1534230297
1364090032
1108399134
1341443181
1078898506
1242990415
1442767057
63299708
1623380595
1287859999
298501962
309112297
420687483
1669475776
1813080154
1579068977
395191309
1431742587
672139932
226723382
1907895021
219544266
1030313563
580508860
428903682
617909211
1412277685
2033669086
476564285
1088590930
1671735990
2010794583
305197314
632651476
1204754116
1384095820
1875641892
500037525
1447395528
1351538839
1787897525
1745897490
1660651136
61101360
1267889618
1326247643
1640170337
1663080928
610506582
164826621
1889804310
370917955
