772634225
951426815
813274570
1390543437
216220853
699460008
1867107722
1304811783
223712350
1730418657
1610009097
856363827
787689126
846621269
584522071
1287726651
146533149
1936060910
928140528
1892430639
1449228398
989241888
1012836610
627992393
481928577
528433890
1238498976
646755199
270754552
1609416931
1031126087
1043388777
413360099
1844400657
286448566
629580952
396377017
6072641
1934392735
620089368
1736491298
1396918184
1476453195
376696776
96055805
2060975266
1664423428
242588954
1849552528
445080308
2135019593
1151297278
1434322197
1000372555
1779289672
1916250774
1528806445
870305000
415522325
1799560997
332238283
1446648412
695466127
745598382
1143565421
981914693
1375179334
1539942439
987987334
1162088421
12548159
576994985
411522957
1489001354
953691761
507578762
1402492972
470631541
750167716
1104561852
915711850
737703662
108375482
202550399
1738076217
1887665154
2118801173
1119399015
610486506
