771476364
942724790
1833488263
1466942491
1688323172
829570037
301373537
916018859
222028828
1289360871
2078107280
234576987
1866355856
342146590
1723578341
672563970
849725352
978587665
1143195511
1599893069
2083149517
2058907361
190113083
44041351
113974112
1928189300
1931706506
85291638
900104667
394709364
472131489
1671581032
1337434154
158136104
991039875
878273679
987706141
1292413412
1794292538
1209734969
434290636
1724916170
1444311956
153162844
2067062760
1020406649
825726814
769304465
1998994314
1968922326
221713886
1934660183
