188213258
559412924
1884167637
1473442062
201305624
238962600
776532036
1238433452
1273911899
1431419379
620145550
1665947468
619290071
707900973
407487131
2113903881
7684930
1776808933
711845894
404158660
937370163
2058657199
1973387981
1642548899
1501252996
260152959
1472713773
824272813
1662739668
2025187190
1967681095
1850952926
437116466
1704365084
1176911340
638422090
1943327684
1953443376
1876855542
1069755936
1237379107
349517445
588219756
1856669179
1057418418
995706887
1823089412
1065103348
625032172
387451659
1469262009
1562402336
298625210
1295166342
1057467587
1799878206
1555319301
382697713
476667372
1070575321
260401255
296864819
774044599
697517721
2001229904
1950955939
1335939811
1797073940
1756915667
1065311705
719346228
846811127
1414829150
1307565984
555996658
324763920
155789224
231602422
1389867269
780821396
619054081
711645630
195740084
