2006811972
1253207672
570073850
1414647625
1635905385
1046741222
337739299
1896306640
1343606042
1111783898
446340713
1197352298
915256190
1782280524
846942590
524688209
700108581
1566288819
1371499336
2114937732
726371155
1927495994
292218004
882160379
11614769
1682085273
1662981776
630668850
246247255
1858721860
1548348142
105575579
964445884
2118421993
1520223205
452867621
1017679567
1857962504
201690613
213801961
822262754
648031326
1411154259
1737518944
282828202
110613202
114723506
982936784
1676902021
1486222842
950390868
255789528
1266235189
1242608872
1137949908
1277849958
777210498
653448036
1908518808
1023457753
364686248
1309383303
1129033333
1329132133
1280321648
501772890
1781999754
150517567
212251746
1983690368
364319529
1034514500
484238046
1775473788
624549797
767066249
1886086990
739273303
1750003033
1415505363
78012497
552910253
1671294892
1344247686
1795519125
661761152
474613996
425245975
1315209188
235649157
1448703729
1679895436
1545032460
